# Created by Octave 9.1.0, Mon Apr 22 17:39:16 2024 GMT <unknown@DESKTOP-G0INNPL>
# name: v
# type: matrix
# rows: 10
# columns: 2
 0.66192491732917602 0.31001859974351564
 0.82266212201308242 0.85188648039793535
 0.44233717170905962 0.074056646753518418
 0.017931519139616658 0.70698468089027622
 0.019794324268520347 0.18875876607513564
 0.0031128154179953516 0.6500474575481654
 0.71812413191141677 0.91542451350593335
 0.24643468310959804 0.22703951776988951
 0.1372245964929375 0.30955396714122529
 0.80618821945915697 0.36361070232465253


